0 0 0 255 255 255 255
0 0 1 141 146 154 255
1 0 1 141 146 154 255
2 0 1 141 146 154 255
3 0 1 141 146 154 255
0 0 -1 141 146 154 255
1 0 -1 141 146 154 255
2 0 -1 141 146 154 255
3 0 -1 141 146 154 255
0 1 0 141 146 154 255
1 1 0 141 146 154 255
2 1 0 141 146 154 255
3 1 0 141 146 154 255
0 -1 0 141 146 154 255
1 -1 0 141 146 154 255
2 -1 0 141 146 154 255
3 -1 0 141 146 154 255
-1 0 -1 141 146 154 255
-1 1 0 141 146 154 255
-1 0 1 141 146 154 255
-1 -1 0 141 146 154 255
-2 0 -1 141 146 154 255
-2 1 0 141 146 154 255
-2 0 1 141 146 154 255
-2 -1 0 141 146 154 255
0 0 -2 255 255 255 255
0 1 -2 141 146 154 255
0 0 -3 141 146 154 255
0 -1 -2 141 146 154 255
-1 -1 -2 141 146 154 255
-2 -1 -2 141 146 154 255
-1 0 -3 141 146 154 255
-1 1 -2 141 146 154 255
-2 1 -2 141 146 154 255
-2 0 -3 141 146 154 255
1 0 -3 141 146 154 255
1 1 -2 141 146 154 255
2 -1 -2 141 146 154 255
3 -1 -2 141 146 154 255
2 0 -3 141 146 154 255
3 0 -3 141 146 154 255
2 1 -2 141 146 154 255
3 1 -2 141 146 154 255
-2 -1 -1 255 255 255 255
-3 -1 -1 189 189 193 255
-3 -2 -1 189 189 193 255
-4 -2 -1 189 189 193 255
-3 0 -1 141 146 154 255
-4 0 -1 141 146 154 255
-5 0 -1 141 146 154 255
-6 0 -1 255 255 255 255
-3 1 0 141 146 154 255
-3 0 1 141 146 154 255
-4 0 0 94 75 51 255
-3 0 -2 255 255 255 255
-3 1 -2 141 146 154 255
-4 0 -2 94 75 51 255
-3 0 -3 141 146 154 255
-3 0 0 255 255 255 255
-5 0 0 94 75 51 255
-5 1 0 189 189 193 255
-5 0 -2 94 75 51 255
-5 1 -2 189 189 193 255
-5 -1 -1 94 75 51 255
-6 0 0 94 75 51 255
-6 0 -2 94 75 51 255
-6 1 -1 208 215 216 255
-7 0 -1 94 75 51 255
-7 0 0 94 75 51 255
-7 0 -2 94 75 51 255
-7 -1 -1 255 255 255 255
-6 -1 -1 255 255 255 255
-6 -2 -1 94 75 51 255
-7 -2 -1 255 255 255 255
-6 -3 -1 94 75 51 255
-7 -3 -1 94 75 51 255
-8 -3 -1 144 105 60 255
-7 -1 0 94 75 51 255
-6 -1 -2 94 75 51 255
-7 -1 -2 94 75 51 255
-7 -2 -2 94 75 51 255
-7 -2 0 94 75 51 255
-6 -1 0 94 75 51 255
-8 -2 -1 144 105 60 255
-8 -1 -1 94 75 51 255
-8 -2 0 94 75 51 255
-8 -2 -2 94 75 51 255
-7 -4 -1 94 75 51 255
-8 -4 -1 94 75 51 255
-8 -3 0 94 75 51 255
-8 -3 -2 94 75 51 255
1 -1 -2 141 146 154 255
