0 0 0 255 255 255 255
0 0 0 255 197 133 255
0 0 0 255 197 133 255
1 0 0 255 197 133 255
2 0 0 255 197 133 255
3 0 0 255 197 133 255
4 0 0 255 197 133 255
4 0 1 255 219 156 255
4 1 0 255 197 133 255
4 0 -1 255 219 156 255
4 -1 0 255 197 133 255
5 0 1 255 219 156 255
6 0 1 255 219 156 255
5 1 0 255 197 133 255
6 1 0 255 197 133 255
7 1 0 255 197 133 255
8 1 0 255 197 133 255
9 1 0 255 197 133 255
10 1 0 255 197 133 255
5 0 -1 255 219 156 255
6 0 -1 255 219 156 255
7 0 -1 255 197 133 255
8 0 -1 255 197 133 255
9 0 -1 255 197 133 255
10 0 -1 255 197 133 255
11 0 -1 255 197 133 255
5 -1 0 255 197 133 255
6 -1 0 255 197 133 255
7 -1 0 229 170 105 255
8 -1 0 255 197 133 255
9 -1 0 229 170 105 255
10 -1 0 255 197 133 255
7 0 1 255 197 133 255
8 0 1 255 197 133 255
9 0 1 255 197 133 255
10 0 1 255 197 133 255
11 0 1 255 197 133 255
12 0 1 255 197 133 255
13 0 1 255 197 133 255
14 0 1 255 197 133 255
15 0 1 255 197 133 255
16 0 1 255 197 133 255
11 1 0 255 197 133 255
12 1 0 255 197 133 255
13 1 0 255 197 133 255
14 1 0 255 197 133 255
15 1 0 255 197 133 255
16 1 0 255 197 133 255
17 1 0 255 197 133 255
18 1 0 255 197 133 255
12 0 -1 255 197 133 255
13 0 -1 255 197 133 255
14 0 -1 255 197 133 255
15 0 -1 255 197 133 255
16 0 -1 255 197 133 255
17 0 -1 255 197 133 255
18 0 -1 255 197 133 255
19 0 -1 255 197 133 255
11 -1 0 229 170 105 255
12 -1 0 255 197 133 255
13 -1 0 229 170 105 255
14 -1 0 255 197 133 255
15 -1 0 229 170 105 255
16 -1 0 255 197 133 255
17 -1 0 229 170 105 255
18 -1 0 255 197 133 255
17 0 1 255 197 133 255
18 0 1 255 197 133 255
19 0 1 255 197 133 255
19 -1 0 229 170 105 255
19 1 0 255 197 133 255
14 -1 1 255 197 133 255
12 -1 1 255 197 133 255
10 -1 1 255 197 133 255
8 -1 1 255 197 133 255
6 -1 1 255 197 133 255
6 -2 1 255 219 145 255
7 -2 1 255 197 133 255
8 -2 1 255 197 133 255
9 -2 1 255 197 133 255
10 -2 1 255 197 133 255
11 -2 1 255 197 133 255
16 -1 -1 255 197 133 255
14 -1 -1 255 197 133 255
12 -1 -1 255 197 133 255
10 -1 -1 255 197 133 255
8 -1 -1 255 197 133 255
6 -1 -1 255 197 133 255
6 -2 -1 255 219 145 255
7 -2 -1 255 197 133 255
8 -2 -1 255 197 133 255
9 -2 -1 255 197 133 255
10 -2 -1 255 197 133 255
11 -2 -1 255 197 133 255
12 -2 -1 255 197 133 255
6 -2 0 255 197 133 255
7 -2 0 255 197 133 255
8 -2 0 255 197 133 255
9 -2 0 255 197 133 255
10 -2 0 255 197 133 255
11 -2 0 255 197 133 255
12 -2 0 251 189 128 255
10 -3 0 255 197 133 255
9 -3 0 255 197 133 255
8 -3 0 255 197 133 255
7 -3 0 255 197 133 255
6 -3 0 255 197 133 255
5 -1 1 99 107 124 255
5 -2 1 229 170 105 255
5 -1 -1 99 107 124 255
5 -2 -1 229 170 105 255
4 -1 1 99 107 124 255
4 -2 1 229 170 105 255
4 -3 1 255 197 133 255
5 -3 1 255 197 133 255
4 -1 -1 99 107 124 255
4 -2 -1 229 170 105 255
4 -3 -1 255 197 133 255
5 -3 -1 255 197 133 255
3 -2 1 229 170 105 255
3 -3 1 255 197 133 255
3 -1 -1 99 107 124 255
3 -2 -1 229 170 105 255
3 -3 -1 255 197 133 255
2 -1 1 255 197 133 255
2 -2 1 229 170 105 255
2 -3 1 255 197 133 255
2 -1 -1 255 197 133 255
2 -2 -1 229 170 105 255
5 -3 0 0 0 0 255
4 -3 0 0 0 0 255
3 -3 0 0 0 0 255
2 -3 0 0 0 0 255
5 -4 0 0 0 0 255
5 -5 0 26 41 0 255
5 -6 0 26 41 0 255
4 -4 0 0 0 0 255
4 -5 0 26 41 0 255
4 -6 0 26 41 0 255
3 -4 0 0 0 0 255
3 -5 0 26 41 0 255
3 -6 0 26 41 0 255
2 -4 0 0 0 0 255
6 -4 0 255 197 133 255
6 -3 1 255 197 133 255
6 -3 -1 255 197 133 255
1 -3 1 255 197 133 255
1 -3 0 255 197 133 255
1 -3 -1 255 197 133 255
1 -4 0 255 197 133 255
0 -5 0 229 170 105 255
-1 -5 0 229 170 105 255
-2 -5 0 229 170 105 255
0 -3 1 255 197 133 255
-1 -3 1 255 197 133 255
0 -3 -1 255 197 133 255
-1 -3 -1 255 197 133 255
-2 -3 -1 255 197 133 255
-3 -3 -1 255 197 133 255
-2 -3 1 255 197 133 255
-2 -3 0 255 197 133 255
-3 -3 1 255 197 133 255
-3 -3 0 255 197 133 255
3 0 -1 255 197 133 255
2 0 -1 255 197 133 255
1 0 -1 255 197 133 255
3 0 1 255 197 133 255
2 0 1 255 197 152 255
1 0 1 255 197 133 255
5 1 1 255 197 133 255
3 1 1 255 197 133 255
1 1 1 255 197 133 255
5 1 -1 255 197 133 255
1 1 -1 255 197 133 255
3 1 -1 255 197 133 255
3 1 0 255 197 133 255
2 1 0 255 197 133 255
1 1 0 255 197 133 255
0 1 0 255 197 133 255
3 -1 0 255 197 133 255
3 -1 1 99 107 124 255
0 0 1 255 197 133 255
0 0 -1 255 172 122 255
-1 0 -1 255 197 133 255
-1 0 0 255 197 133 255
-1 0 1 255 197 133 255
20 0 -1 255 197 133 255
20 -1 0 229 170 105 255
20 0 1 255 197 133 255
20 1 0 255 197 133 255
-2 -6 0 229 170 105 255
-3 -6 0 229 170 105 255
-3 -7 0 229 170 105 255
-2 -7 0 229 170 105 255
1 -5 0 229 170 105 255
-1 -6 0 229 170 105 255
-1 -7 0 229 170 105 255
-2 -8 0 229 170 105 255
-2 -4 0 229 170 105 255
-1 -4 0 96 99 109 255
2 -6 0 26 41 0 255
3 -7 0 26 41 0 255
4 -7 0 26 41 0 255
5 -7 0 26 41 0 255
2 -4 1 255 197 133 255
3 -4 1 255 197 133 255
4 -4 1 255 197 133 255
5 -4 1 255 197 133 255
5 -4 -1 255 197 133 255
4 -4 -1 255 197 133 255
3 -4 -1 255 197 133 255
2 -4 -1 255 197 133 255
1 -4 1 255 197 133 255
1 -4 -1 255 197 133 255
-2 0 1 255 197 133 255
-2 0 0 255 197 133 255
-2 0 -1 255 197 133 255
-2 -1 0 255 197 133 255
-3 -1 0 255 197 133 255
-3 -1 1 255 197 133 255
-3 0 0 75 84 105 255
-3 -1 -1 255 197 133 255
1 -1 1 255 197 152 255
0 -1 1 255 197 133 255
1 -1 -1 255 172 122 255
0 -1 -1 255 197 133 255
-1 -1 1 99 107 124 255
-1 -1 -1 255 172 122 255
-2 -1 -1 255 197 133 255
1 -2 1 229 170 105 255
0 -2 1 255 197 133 255
-1 -2 1 255 197 133 255
1 -2 -1 229 170 105 255
0 -2 -1 255 197 133 255
-1 -2 -1 255 197 133 255
-2 -2 -1 255 197 133 255
-3 -2 -1 255 197 133 255
-2 -2 1 255 197 133 255
-3 -2 1 255 197 133 255
20 0 0 99 107 124 255
21 0 0 99 107 124 255
22 0 0 99 107 124 255
23 0 0 75 84 105 255
-4 -2 1 255 197 133 255
-4 -2 -1 255 197 133 255
-4 -1 1 255 197 133 255
-4 -1 0 255 197 133 255
-4 -1 -1 255 197 133 255
-4 -2 0 255 197 133 255
-4 -3 0 255 197 133 255
-3 0 1 75 84 105 255
-4 0 0 75 84 105 255
-4 1 0 75 84 105 255
-3 0 -1 75 84 105 255
-5 -1 0 178 138 90 255
-5 -2 1 255 197 133 255
-5 -2 -1 255 197 133 255
-5 -2 0 255 197 133 255
-6 -1 0 178 138 90 255
-6 -2 0 178 138 90 255
-7 -1 0 178 138 90 255
-7 -2 0 229 170 105 255
-7 -3 0 229 170 105 255
-7 -4 0 229 170 105 255
-7 -2 1 229 170 105 255
-7 -3 1 229 170 105 255
-8 -1 0 229 170 105 255
-9 -1 0 229 170 105 255
-10 -1 0 229 170 105 255
-11 -1 0 219 155 90 255
-8 -2 0 229 170 105 255
-9 -2 0 229 170 105 255
-10 -2 0 229 170 105 255
-8 -3 0 229 170 105 255
-9 -3 0 229 170 105 255
-10 -3 0 229 170 105 255
-8 -4 0 229 170 105 255
-9 -4 0 229 170 105 255
-10 -4 0 229 170 105 255
-11 -4 0 219 155 90 255
-8 -3 1 229 170 105 255
-9 -4 1 229 170 105 255
-10 -4 1 229 170 105 255
-11 -4 1 219 155 90 255
-11 -3 1 219 155 90 255
-11 -2 1 219 155 90 255
-11 -1 1 219 155 90 255
-10 -1 1 229 170 105 255
-9 -1 1 229 170 105 255
-9 -2 1 229 170 105 255
-10 -3 1 229 170 105 255
-11 -1 -1 219 155 90 255
-10 -1 -1 229 170 105 255
-9 -1 -1 229 170 105 255
-7 -2 -1 229 170 105 255
-8 -3 -1 229 170 105 255
-9 -4 -1 229 170 105 255
-10 -4 -1 229 170 105 255
-11 -4 -1 219 155 90 255
-11 -3 -1 219 155 90 255
-11 -2 -1 219 155 90 255
-9 -2 -1 229 170 105 255
-10 -3 -1 229 170 105 255
-11 -2 0 219 155 90 255
16 -1 1 255 197 133 255
16 -2 0 251 189 128 255
15 -2 0 251 189 128 255
13 -2 0 251 189 128 255
14 -2 0 255 197 133 255
17 -2 0 251 189 128 255
18 -2 0 255 197 133 255
19 -2 0 251 189 128 255
18 -1 1 255 197 133 255
18 -1 -1 255 197 133 255
23 0 1 99 107 124 255
24 0 1 255 197 133 255
25 0 1 255 197 133 255
23 1 0 99 107 124 255
23 -1 0 99 107 124 255
23 0 -1 99 107 124 255
24 1 0 255 197 133 255
25 1 0 255 197 133 255
26 1 0 255 191 130 255
26 0 1 255 191 130 255
24 -1 0 255 197 133 255
25 -1 0 255 197 133 255
26 -1 0 255 191 130 255
24 0 -1 255 197 133 255
25 0 -1 255 197 133 255
26 0 -1 255 191 130 255
25 0 0 0 0 0 255
-11 -5 0 219 155 90 255
-10 -5 0 229 170 105 255
-9 -5 0 229 170 105 255
-10 -6 0 229 170 105 255
-11 -6 0 193 151 90 255
-8 -1 1 229 170 105 255
-8 -1 -1 229 170 105 255
2 -5 0 26 41 0 255
2 -3 -1 255 219 156 255
